{
  "accuracy": 0.8097560975609757,
  "precision": 0.7619047619047619,
  "recall": 0.9142857142857143,
  "f1": 0.8311688311688312,
  "roc_auc": 0.9297142857142857
}